uv run python main.py
(3789428842004, 5709991969284)
(11745995299669, 15721067146153)
(22161113737564, 29187005843328)
(32448406634242, 35482028197831)
(35482028197832, 39330429165927)
(40922560379023, 45361625965897)
(45361625965899, 47427458143925)
(51691752110650, 59870310846522)
(64824035810845, 66190876358299)
(70689854028220, 76233752675094)
(83797828825790, 86111533566344)
(90965560321456, 97612705983695)
(100602126462801, 101179459980295)
(101697389842376, 101950138071699)
(102435256803916, 105107856306124)
(106418002021065, 106855458935099)
(107128479457351, 107710734047382)
(109117611219417, 109761022873644)
(111624376324085, 111624376324085)
(111624376324086, 119527049205991)
(121107915266238, 129951653343840)
(131364789778337, 139399741684677)
(139399741684678, 139399741684678)
(141639793951694, 149704968501856)
(151716851447006, 155777680308567)
(155777680308568, 159264754647393)
(161757984000523, 168331663906491)
(171983076544055, 177666782634599)
(182232686906027, 188624170379212)
(192639868633313, 197236433584270)
(203692803417388, 207889028754216)
(212069653871013, 215677245888467)
(215677245888469, 220330732637379)
(221249882779056, 230776110869564)
(232645398124000, 237985451060652)
(242685346581906, 242685346581906)
(242685346581907, 247085667609343)
(255492299630700, 260128529637135)
(260128529637136, 260128529637136)
(263163889131547, 269808128896144)
(271531800312167, 271729868649407)
(272731198580506, 274130802069627)
(274258438596817, 275812887089541)
(276285431852154, 277117047790836)
(277578392966716, 278156054921895)
(279008627456494, 279366788894712)
(279531392826505, 279816734544586)
(280010389397759, 280910119852589)
(283654728568734, 288365806620047)
(288365806620048, 288365806620048)
(293532338521233, 298067904329585)
(303723977826912, 310292761333116)
(313823078327954, 317812869521514)
(317812869521516, 321234660027768)
(324338045724310, 328005549841074)
(328005549841075, 329765621391064)
(332347185359689, 333098211249400)
(334470148562007, 334537399246852)
(334879464471433, 335909768680093)
(336575032463200, 337080425428790)
(338674583812156, 339436601998066)
(339670331728617, 340633491305409)
(345856555614293, 345856555614293)
(345856555614294, 347856476654039)
(355857878124764, 358385606402119)
(361982642431803, 371478017113317)
(373316997145833, 380734874862247)
(382776255223298, 387983994862059)
(394799458263786, 400192369703711)
(404481195497081, 411224792598851)
(414075202192991, 421839427601155)
(424334073670888, 426795712691178)
(426795712691179, 429879651403988)
(432669297148941, 442088040512483)
(446166394206788, 448488159020813)
(448488159020814, 448488159020814)
(452914619117074, 458391796034145)
(458391796034147, 460530373521337)
(464025806637756, 471787626088320)
(473845241725276, 478780287245640)
(486887966676223, 491793947094996)
(493166077035015, 493166077035015)
(493166077035016, 501717729781761)
(503352690049488, 510560297161322)
(514639405707727, 521689487076122)
(523966588797071, 528978213722247)
(533488952386831, 533600046578083)
(533959769928955, 534942781913367)
(535884186380042, 536102928344477)
(536648325966451, 537421096069860)
(537872412027744, 538954182236366)
(540530670795229, 541380689797219)
(545052205755978, 548923584157338)
(553798970066387, 558454643755254)
4131392155873
4241888354484
4296095966220
4945522626230
5688602226006
12455146620562
13723914867531
13917448199656
13977042672472
14206240269603
14232735574945
14775162291256
15184759641663
15321061909315
15392331613613
22324604472927
23379962802357
24301152757439
24553867137822
24554267776598
25760609505894
26092028821075
26356686701726
26832356899497
27397709065215
28272159024708
28476504196774
28628734886143
33978872133617
34124705092259
34192023241304
35147715875684
35608029894572
36488783959162
37349367387812
37626434398085
38749992713322
41144595658920
42021020208078
42759311876071
43544783289684
44002573496017
45279945849327
45956061863043
46137301114751
47059945353618
47174379985968
47424934617071
52695877398143
52719958349929
53396673041401
53511819718430
53863637873667
55149987419440
55994075548283
56469570771540
56522438251524
56574501856647
58428672447354
58879645806626
65028612212608
72460391784614
72729956782516
73244805199001
73667244796839
73881584360453
73927323128214
73931239235267
74480358253620
74747030982905
74987264304425
84463391678193
84482947018908
84483684794236
85242851082117
85415016488924
86034661562157
91027488749732
91574332754268
92703607610459
92762851858970
93051339370004
93219130577988
93448878486342
94424574732970
95397127540044
95471335494553
95596428236373
95609543057354
96012411662025
96729765768644
96894402490936
97320942224784
102590081542143
103003777544690
103280145754542
104096585439072
104563978005303
105019909208467
106643455479041
107232758109799
109724569307291
111642953586143
112613235868830
113428052152533
113492958559628
114043564502961
114286576258395
114590390676194
114631027673083
115576598934367
116623602891138
116865809587050
117082433185788
117191869998636
117288764605225
117391929865454
117598431769046
117607634117563
118039838121825
118046077275747
118255611524872
118274154010282
118502102752438
119199959663636
121858944791579
122128152877692
123072786924967
123315121848197
123381715581340
123438695967430
123979154243571
125298226378374
125558214504730
125675962197311
127549268155882
127819171563196
127944788897502
128317494197533
129062673670961
129193130197329
129546147829626
132076638524268
132603954358840
133008287853400
133371240307945
134158440086955
134797872195476
134980738631879
135132185215949
135301351573716
135867874469188
137573635916510
137732203543087
138328112412473
138550153037914
141868124692681
142889552315336
143663999346795
143953569042949
144387645599421
144660616237212
144943902804073
145363378785218
146385121932866
146726026690116
146852967135975
147240524707553
147890694299124
148181306715977
148267107678534
148867198583924
148907205166790
149254647065883
152804947462676
153280896016707
155121637061429
156164424066756
156911330616532
158036900758185
159079771824872
159260199931572
162063321853599
162083431192899
162853480295270
162854825607960
162909854263526
162957613059561
163039154705107
163573482372487
163658666048170
163667615793737
164697745937833
165543599725782
165693863693440
166041781713571
167042424336420
167678410345614
172280174809453
172402491881666
172777849149619
172821359475888
173462351993273
173747297885581
173993773319312
174215424887582
174304093863587
174619894160472
174746899279949
174813313239963
174821300702573
175100842816206
176648202715645
176707547451533
176720182555708
182273066822023
183347939363624
183685425400040
183768169855360
183853544230654
184052641618630
184194976559684
185352700911903
185568888344468
186276298197564
187000873644724
187144206686602
187561144360562
188081310465256
188434180566800
188476791255922
188498914646929
188570074425826
192822623139812
192900637642003
193101423911677
193142997802576
193211686318563
193370679322913
193642872552659
195468293803965
195932003363553
195935778302829
196051771174260
196756240612905
205743816975053
207523231498478
207585972841584
207643535567395
207869641444960
212130578391186
212424462490152
213306049859201
214000220224451
215332277537738
215368790845134
215709669267367
215947618613906
216732489333093
216875336198070
216951716006925
217112916553337
217549953216336
218049219376411
218495615528949
219308013616500
221600948853033
222156721978030
222996501766465
224611014377358
224933169143517
225101153701675
227152480316913
227554946332444
227609957670463
228549463913727
228596917605131
228792616212193
228804015776599
228881685511428
229095187404850
229287899680636
229515221190112
230040892919543
230052233883489
230064430533502
232969227952256
233023288821577
233347486810255
233443939239217
235190353691099
235518823233448
235949127052354
236343699096529
236351016220019
236962898990762
237508623408946
237903917222427
242878406863144
243182340406566
243604577364054
244048120935113
245021767778753
245553961771052
246118000529438
246369777688257
255538349970494
257216677840008
257251562480078
257863929828298
258385705043952
258622412892938
260001615944882
260002062756955
263531230838530
263777334840657
264655745619782
264804158416801
265222367828598
266350782408226
266418668623809
266754690783635
267423067333788
272926854759120
274565901684727
274670918298637
275258247335161
276799299590280
280050709166515
283740778516164
284185408930235
286038759064581
287073287091156
287114283392312
287432365410554
293701410434494
294095963193668
294225690346861
294437192805620
295189130176523
295966077840404
296020381733397
296083924169000
296397073519065
296912263791019
297250985585109
297588886647948
297721073048835
303958677133856
304364362916585
305916986453468
306030341620229
306743667980769
306816527293115
307279829040456
307637984796048
307643395236633
307846494149108
308749892578368
310149315337954
310181996288216
310270166416459
313931155764669
314586859111805
317398893581904
318341646938576
319734023283944
320031114377696
320113362711689
320700132799522
321206003206549
324529636327871
324571463181461
324699592057226
324995999627647
325802220467656
326411343917014
327943896934125
328110490245646
328341529014392
332440420886720
333028688538458
335368581445418
340629560986570
346030173794194
346760135255449
355872116204723
356225305826043
357314257978434
357485810391033
358084807197135
362025718169591
362094800544060
362728016819885
362861384163316
363363289771576
365560142836041
367601202056449
369118211851568
369223507022554
369833494864835
370366828242447
373458690962494
374328223963558
374500810321186
375608546050655
375920389201290
376080989964879
376283030635072
376830687458693
377606406509817
378516757511192
378553216211185
379061557317500
379228337103499
379466916571521
379551448630190
379786846828458
379975669770287
380198246368658
380260212049225
380683151917030
382996490390835
383117263458918
383246442522148
383443074546688
384118713680697
384263924979333
384677712660335
385283827504604
385451007618701
386001793152214
386154670030654
387318621201662
394850984385000
395405137579449
395678146662519
396033041748034
396084362111447
396270905211405
396377473556601
396855385269092
397028723491024
397097158438331
397353461334796
397704835253979
397844306427590
398282232001871
398805635824240
399425695024887
399902196677164
404901672642470
405099323240640
405315804113918
406149917158836
406383438512558
407315160861635
407384530480343
408179944639178
408246565513725
408565902321578
409247157904107
409498249049734
410098957670635
410538358086896
414165477045941
415013834401318
415075445026968
415191398767066
415843799630401
416092511477509
416159619281427
416224235471198
417630036131079
417854408133155
417898467004034
418950053639328
419621798233072
419855263586880
419957510781129
421502305937001
421570858542972
421670514027300
424400531981169
424404791782106
426791355422807
427580372506436
428061810288478
428100273156096
428263225599066
432741233593355
433358988799042
434232937501242
434979026188407
435272043895079
435982803153812
436514366287959
436854496202220
439168966100671
439351571871055
439598207090735
441220631701983
441227547923939
441568179332183
446361637318717
447824060230629
447991764412447
448013363994314
453065083584277
454116266363337
454314340726852
454925663782143
455119249432832
455285871279974
455626051626704
455683079262174
456102868398560
456514068859911
456703310958237
456825933118441
456971081294745
457560673764578
457681782260838
457996059117216
458134144921097
458976023133001
464365887691891
464623886921994
464735672810060
464999672499636
465347698494332
465530307274700
465760321985951
466769310921357
467235408553592
467799799868418
469211754132898
469410746079718
469509361979285
469584112839095
470305727708976
470409550861121
474399898741336
476353109679312
478220225443047
478519396671559
487243825192121
487759543681431
487843701623973
487941980565032
488729187328188
488875874564834
489046518687954
489188616751048
489552990319824
489561513912546
490278214367495
490994678045971
491024687549314
493610348358554
493916499138396
493978243896570
494186655567724
494263694030823
494320939361750
495086837682053
496028854928237
497477219771656
499166995187289
499225009107808
499573659294715
500703149412524
500857596407897
504022899387654
504213128988828
504480318716597
504521130795047
504798058839786
505841437570999
505895419176354
506010849066536
506525838015708
508150613245646
508582709056545
508754519072374
508836227903701
510389759439622
514869437922406
515402424313039
515552603604162
515552750609335
515975985236018
516042618344432
516069290409115
516556929432702
516973350762988
518665018321958
519264635715846
519834418826746
519963057433744
520639885074903
521313448402793
521443430704215
521457633795100
521472379618333
521669655163565
524349492542130
524933378511605
525090724716743
525370497804898
525376104356278
526263586947189
526625894459434
526713589637350
526765655929639
527765045465840
527897045349709
528266235108270
528943013049222
535897058013516
538178902597511
538263558006444
538838696448214
540578981008471
545266468141049
545884888063607
545919548789814
547135126528767
556434192025665
556784382038799
556874496664175
556944884989014
556981296565560
557760280174857
558039938589826
fresh: 635
fresh ids: 330426505855175
